[gd_scene load_steps=35 format=3 uid="uid://bcdqrmxwwtqio"]

[ext_resource type="Script" path="res://main.gd" id="1_46kri"]
[ext_resource type="Texture2D" uid="uid://dreawusx30mcc" path="res://assets/prototype_textures/PNG/Dark/texture_02.png" id="1_gbd6o"]
[ext_resource type="Texture2D" uid="uid://be8a55rsgn7dx" path="res://assets/prototype_textures/PNG/Dark/texture_01.png" id="1_tqhff"]
[ext_resource type="Script" path="res://Objects.gd" id="2_wbkwf"]
[ext_resource type="Texture2D" uid="uid://cjk77jctcs1x6" path="res://assets/prototype_textures/PNG/Red/texture_01.png" id="3_16cyc"]
[ext_resource type="Texture2D" uid="uid://bmpbyv1gjufhv" path="res://assets/prototype_textures/PNG/Dark/texture_13.png" id="3_iiro4"]
[ext_resource type="Texture2D" uid="uid://dmmaecg6quxrk" path="res://assets/prototype_textures/PNG/Purple/texture_01.png" id="4_dfkyr"]
[ext_resource type="Texture2D" uid="uid://dj2uiciie2iqt" path="res://assets/prototype_textures/PNG/Orange/texture_01.png" id="4_gfq4c"]
[ext_resource type="Texture2D" uid="uid://btcy1cyimq1m5" path="res://assets/prototype_textures/PNG/Green/texture_01.png" id="7_wu0n4"]
[ext_resource type="Script" path="res://SpawnPoint.gd" id="10_4gs1i"]
[ext_resource type="Script" path="res://FlyCam.gd" id="10_faad2"]
[ext_resource type="Script" path="res://OrbitCam.gd" id="11_gr5me"]

[sub_resource type="ProceduralSkyMaterial" id="ProceduralSkyMaterial_b1vjb"]
sky_horizon_color = Color(0.64625, 0.65575, 0.67075, 1)
ground_horizon_color = Color(0.64625, 0.65575, 0.67075, 1)

[sub_resource type="Sky" id="Sky_lisp2"]
sky_material = SubResource("ProceduralSkyMaterial_b1vjb")

[sub_resource type="Environment" id="Environment_su0nl"]
background_mode = 2
sky = SubResource("Sky_lisp2")
tonemap_mode = 2
glow_enabled = true

[sub_resource type="StandardMaterial3D" id="StandardMaterial3D_5mwrf"]
albedo_texture = ExtResource("3_16cyc")
uv1_triplanar = true
uv1_world_triplanar = true

[sub_resource type="BoxMesh" id="BoxMesh_lu34f"]
material = SubResource("StandardMaterial3D_5mwrf")

[sub_resource type="StandardMaterial3D" id="StandardMaterial3D_t6no3"]
albedo_texture = ExtResource("4_gfq4c")
uv1_triplanar = true

[sub_resource type="BoxMesh" id="BoxMesh_85gku"]
material = SubResource("StandardMaterial3D_t6no3")
size = Vector3(3, 2, 0.2)

[sub_resource type="BoxMesh" id="BoxMesh_or8rg"]
material = SubResource("StandardMaterial3D_t6no3")
size = Vector3(3, 1, 0.2)

[sub_resource type="StandardMaterial3D" id="StandardMaterial3D_id8qq"]
albedo_texture = ExtResource("4_dfkyr")
uv1_triplanar = true

[sub_resource type="PrismMesh" id="PrismMesh_t8tjj"]
material = SubResource("StandardMaterial3D_id8qq")
left_to_right = 0.0
size = Vector3(3, 1.25, 2)

[sub_resource type="PrismMesh" id="PrismMesh_23xj6"]
material = SubResource("StandardMaterial3D_id8qq")
left_to_right = 0.0
size = Vector3(5, 2, 3)

[sub_resource type="StandardMaterial3D" id="StandardMaterial3D_ns58g"]
albedo_texture = ExtResource("1_tqhff")
uv1_triplanar = true

[sub_resource type="BoxMesh" id="BoxMesh_tda4c"]
material = SubResource("StandardMaterial3D_ns58g")
size = Vector3(10, 2, 10)

[sub_resource type="BoxMesh" id="BoxMesh_wid8k"]
material = SubResource("StandardMaterial3D_ns58g")
size = Vector3(2, 0.1, 10)

[sub_resource type="StandardMaterial3D" id="StandardMaterial3D_uhybj"]
albedo_texture = ExtResource("7_wu0n4")
uv1_triplanar = true

[sub_resource type="BoxMesh" id="BoxMesh_t7whi"]
material = SubResource("StandardMaterial3D_uhybj")
size = Vector3(2, 2, 2)

[sub_resource type="StandardMaterial3D" id="StandardMaterial3D_8thby"]
albedo_texture = ExtResource("3_iiro4")
uv1_triplanar = true

[sub_resource type="BoxMesh" id="BoxMesh_dq0y2"]
material = SubResource("StandardMaterial3D_8thby")
size = Vector3(55, 5, 0.5)

[sub_resource type="StandardMaterial3D" id="StandardMaterial3D_7jdj2"]
albedo_texture = ExtResource("1_gbd6o")
uv1_triplanar = true
texture_filter = 4

[sub_resource type="PlaneMesh" id="PlaneMesh_6tiwh"]
material = SubResource("StandardMaterial3D_7jdj2")
size = Vector2(60, 60)

[sub_resource type="SphereShape3D" id="SphereShape3D_qv5x6"]

[sub_resource type="BoxShape3D" id="BoxShape3D_3qh51"]
size = Vector3(60, 1, 60)

[node name="Main" type="Node3D"]
script = ExtResource("1_46kri")
num_players = 8
num_teams = 2

[node name="WorldEnvironment" type="WorldEnvironment" parent="."]
environment = SubResource("Environment_su0nl")

[node name="DirectionalLight3d" type="DirectionalLight3D" parent="."]
transform = Transform3D(-0.866023, -0.433016, 0.250001, 0, 0.499998, 0.866027, -0.500003, 0.749999, -0.43301, 0, 0, 0)
shadow_enabled = true

[node name="Objects" type="Node3D" parent="."]
script = ExtResource("2_wbkwf")

[node name="BoxMesh" type="MeshInstance3D" parent="Objects"]
transform = Transform3D(1, 0, 0, 0, 1, 0, 0, 0, 1, -1.24128, 0.5, -15.4851)
mesh = SubResource("BoxMesh_lu34f")

[node name="BoxMesh4" type="MeshInstance3D" parent="Objects"]
transform = Transform3D(0.965926, 0, 0.258819, 0, 1, 0, -0.258819, 0, 0.965926, 8.75872, 0.5, -9.48506)
mesh = SubResource("BoxMesh_lu34f")

[node name="BoxMesh5" type="MeshInstance3D" parent="Objects"]
transform = Transform3D(0.965926, 0, -0.258819, 0, 1, 0, 0.258819, 0, 0.965926, 18.7587, 0.5, 6.51494)
mesh = SubResource("BoxMesh_lu34f")

[node name="BoxMesh6" type="MeshInstance3D" parent="Objects"]
transform = Transform3D(1, 0, -1.19209e-07, 0, 1, 0, 1.19209e-07, 0, 1, 18.7587, 0.5, 8.51494)
mesh = SubResource("BoxMesh_lu34f")

[node name="BoxMesh8" type="MeshInstance3D" parent="Objects"]
transform = Transform3D(0.860271, 0, 0.509837, 0, 1, 0, -0.509837, 0, 0.860271, -15.0835, 0.499998, 7.80087)
mesh = SubResource("BoxMesh_lu34f")

[node name="BoxMesh10" type="MeshInstance3D" parent="Objects"]
transform = Transform3D(0.860271, 0, 0.509837, 0, 1, 0, -0.509837, 0, 0.860271, -3.45339, 0.499998, 13.695)
mesh = SubResource("BoxMesh_lu34f")

[node name="BoxMesh11" type="MeshInstance3D" parent="Objects"]
transform = Transform3D(0.860271, 0, 0.509837, 0, 1, 0, -0.509837, 0, 0.860271, -2.44343, 0.499998, 14.8789)
mesh = SubResource("BoxMesh_lu34f")

[node name="BoxMesh9" type="MeshInstance3D" parent="Objects"]
transform = Transform3D(0.699002, 0, 0.715119, 0, 1, 0, -0.715119, 0, 0.699002, -16.1861, 0.499998, 9.10128)
mesh = SubResource("BoxMesh_lu34f")

[node name="BoxMesh7" type="MeshInstance3D" parent="Objects"]
transform = Transform3D(0.866025, 0, 0.5, 0, 1, 0, -0.5, 0, 0.866025, 20.7587, 0.5, 7.51494)
mesh = SubResource("BoxMesh_lu34f")

[node name="BoxMesh12" type="MeshInstance3D" parent="Objects"]
transform = Transform3D(0.766044, 0, 0.642788, 0, 1, 0, -0.642788, 0, 0.766044, 11.7238, 0.5, -26.7125)
mesh = SubResource("BoxMesh_lu34f")

[node name="BoxMesh13" type="MeshInstance3D" parent="Objects"]
transform = Transform3D(0.573576, 0, 0.819152, 0, 1, 0, -0.819152, 0, 0.573576, 13.3621, 0.5, -25.5654)
mesh = SubResource("BoxMesh_lu34f")

[node name="BoxMesh14" type="MeshInstance3D" parent="Objects"]
transform = Transform3D(0.0871556, 0, 0.996194, 0, 1, 0, -0.996194, 0, 0.0871556, 13.6901, 0.5, -27.7773)
mesh = SubResource("BoxMesh_lu34f")

[node name="BoxMesh2" type="MeshInstance3D" parent="Objects"]
transform = Transform3D(0.974648, 0, 0.223743, 0, 1, 0, -0.223743, 0, 0.974648, -10.2413, 0.5, -9.48506)
mesh = SubResource("BoxMesh_lu34f")

[node name="BoxMesh3" type="MeshInstance3D" parent="Objects"]
transform = Transform3D(0.999347, 0, -0.0361379, 0, 1, 0, 0.0361379, 0, 0.999347, -9.24128, 0.5, -10.9851)
mesh = SubResource("BoxMesh_lu34f")

[node name="SmallWallMesh" type="MeshInstance3D" parent="Objects"]
transform = Transform3D(0.258819, 0, 0.965926, 0, 1, 0, -0.965926, 0, 0.258819, -6, 1, -9)
mesh = SubResource("BoxMesh_85gku")
skeleton = NodePath("")

[node name="SmallWallMesh2" type="MeshInstance3D" parent="Objects"]
transform = Transform3D(-4.37114e-08, 0, -1, 0, 1, 0, 1, 0, -4.37114e-08, -15.1, 3, -11.5)
mesh = SubResource("BoxMesh_85gku")
skeleton = NodePath("")

[node name="SmallWallMesh6" type="MeshInstance3D" parent="Objects"]
transform = Transform3D(-4.37114e-08, 0, -1, 0, 1, 0, 1, 0, -4.37114e-08, 12.2, 2.5, -0.5)
mesh = SubResource("BoxMesh_or8rg")
skeleton = NodePath("")

[node name="SmallWallMesh8" type="MeshInstance3D" parent="Objects"]
transform = Transform3D(-4.37114e-08, 0, -1, 0, 1, 0, 1, 0, -4.37114e-08, 12.2, 2.5, -3.5)
mesh = SubResource("BoxMesh_or8rg")
skeleton = NodePath("")

[node name="SmallWallMesh16" type="MeshInstance3D" parent="Objects"]
transform = Transform3D(-4.37114e-08, 0, -1, 0, 1, 0, 1, 0, -4.37114e-08, 5.1, 2.5, -19)
mesh = SubResource("BoxMesh_or8rg")
skeleton = NodePath("")

[node name="SmallWallMesh7" type="MeshInstance3D" parent="Objects"]
transform = Transform3D(-4.37114e-08, 0, -1, 0, 1, 0, 1, 0, -4.37114e-08, 12.2, 2.5, 2.5)
mesh = SubResource("BoxMesh_or8rg")
skeleton = NodePath("")

[node name="SmallWallMesh11" type="MeshInstance3D" parent="Objects"]
transform = Transform3D(-4.37114e-08, 0, -1, 0, 1, 0, 1, 0, -4.37114e-08, 21.9, 2.5, -0.5)
mesh = SubResource("BoxMesh_or8rg")
skeleton = NodePath("")

[node name="SmallWallMesh12" type="MeshInstance3D" parent="Objects"]
transform = Transform3D(-4.37114e-08, 0, -1, 0, 1, 0, 1, 0, -4.37114e-08, 21.9, 2.5, -3.5)
mesh = SubResource("BoxMesh_or8rg")
skeleton = NodePath("")

[node name="SmallWallMesh13" type="MeshInstance3D" parent="Objects"]
transform = Transform3D(-4.37114e-08, 0, -1, 0, 1, 0, 1, 0, -4.37114e-08, 21.9, 2.5, 2.5)
mesh = SubResource("BoxMesh_or8rg")
skeleton = NodePath("")

[node name="SmallWallMesh9" type="MeshInstance3D" parent="Objects"]
transform = Transform3D(-1, 0, 8.74228e-08, 0, 1, 0, -8.74228e-08, 0, -1, 13.8, 2.5, 3.9)
mesh = SubResource("BoxMesh_or8rg")
skeleton = NodePath("")

[node name="SmallWallMesh10" type="MeshInstance3D" parent="Objects"]
transform = Transform3D(-1, 0, 8.74228e-08, 0, 1, 0, -8.74228e-08, 0, -1, 16.8, 2.5, 3.9)
mesh = SubResource("BoxMesh_or8rg")
skeleton = NodePath("")

[node name="SmallWallMesh4" type="MeshInstance3D" parent="Objects"]
transform = Transform3D(-1, 0, 8.74228e-08, 0, 1, 0, -8.74228e-08, 0, -1, -18.1, 3, -9.1)
mesh = SubResource("BoxMesh_85gku")
skeleton = NodePath("")

[node name="SmallWallMesh5" type="MeshInstance3D" parent="Objects"]
transform = Transform3D(-1, 0, 8.74228e-08, 0, 1, 0, -8.74228e-08, 0, -1, -18.1, 3, -18.9)
mesh = SubResource("BoxMesh_85gku")
skeleton = NodePath("")

[node name="SmallWallMesh3" type="MeshInstance3D" parent="Objects"]
transform = Transform3D(-4.37114e-08, 0, -1, 0, 1, 0, 1, 0, -4.37114e-08, -15.1, 3, -16.5)
mesh = SubResource("BoxMesh_85gku")
skeleton = NodePath("")

[node name="SmallWallMesh14" type="MeshInstance3D" parent="Objects"]
transform = Transform3D(-4.37114e-08, 0, -1, 0, 1, 0, 1, 0, -4.37114e-08, 5.1, 3, -16)
mesh = SubResource("BoxMesh_85gku")
skeleton = NodePath("")

[node name="SmallWallMesh15" type="MeshInstance3D" parent="Objects"]
transform = Transform3D(-4.37114e-08, 0, -1, 0, 1, 0, 1, 0, -4.37114e-08, 5.1, 3, -22)
mesh = SubResource("BoxMesh_85gku")
skeleton = NodePath("")

[node name="RampMesh" type="MeshInstance3D" parent="Objects"]
transform = Transform3D(1, 0, 0, 0, 1, 0, 0, 0, 1, -11, 0.6, -14)
mesh = SubResource("PrismMesh_t8tjj")
skeleton = NodePath("")

[node name="RampMesh3" type="MeshInstance3D" parent="Objects"]
transform = Transform3D(0.707107, 0, 0.707107, 0, 1, 0, -0.707107, 0, 0.707107, -12, 0.6, -22)
mesh = SubResource("PrismMesh_t8tjj")
skeleton = NodePath("")

[node name="RampMesh4" type="MeshInstance3D" parent="Objects"]
transform = Transform3D(0, 0, 1, 0, 1, 0, -1, 0, 0, -22, 1, -21.5)
mesh = SubResource("PrismMesh_23xj6")
skeleton = NodePath("")

[node name="RampMesh5" type="MeshInstance3D" parent="Objects"]
transform = Transform3D(1, 0, -4.37114e-08, 0, 1, 0, 4.37114e-08, 0, 1, 17.5, 1, -21.5)
mesh = SubResource("PrismMesh_23xj6")
skeleton = NodePath("")

[node name="RampMesh2" type="MeshInstance3D" parent="Objects"]
transform = Transform3D(0.707107, 0, -0.707107, 0, 1, 0, 0.707107, 0, 0.707107, -12, 0.6, -6)
mesh = SubResource("PrismMesh_t8tjj")
skeleton = NodePath("")

[node name="BigBoxMesh" type="MeshInstance3D" parent="Objects"]
transform = Transform3D(1, 0, 0, 0, 1, 0, 0, 0, 1, -20, 1, -14)
mesh = SubResource("BoxMesh_tda4c")
skeleton = NodePath("")

[node name="BigBoxMesh2" type="MeshInstance3D" parent="Objects"]
transform = Transform3D(1, 0, 0, 0, 1, 0, 0, 0, 1, 10, 1, -19)
mesh = SubResource("BoxMesh_tda4c")
skeleton = NodePath("")

[node name="BigBoxMesh4" type="MeshInstance3D" parent="Objects"]
transform = Transform3D(1, 0, 0, 0, 1, 0, 0, 0, 1, 13.4, 2, -10)
mesh = SubResource("BoxMesh_wid8k")
skeleton = NodePath("")

[node name="BigBoxMesh3" type="MeshInstance3D" parent="Objects"]
transform = Transform3D(1, 0, 0, 0, 1, 0, 0, 0, 1, 17, 1, -1)
mesh = SubResource("BoxMesh_tda4c")
skeleton = NodePath("")

[node name="MeshInstance3d" type="MeshInstance3D" parent="Objects"]
transform = Transform3D(0.919685, 0, 0.392658, 0, 1, 0, -0.392658, 0, 0.919685, -5.75569, 0.999996, 3.93112)
mesh = SubResource("BoxMesh_t7whi")

[node name="MeshInstance3d7" type="MeshInstance3D" parent="Objects"]
transform = Transform3D(0.99378, 0, 0.111365, 0, 1, 0, -0.111365, 0, 0.99378, -0.570721, 0.999996, -24.0706)
mesh = SubResource("BoxMesh_t7whi")

[node name="MeshInstance3d9" type="MeshInstance3D" parent="Objects"]
transform = Transform3D(0.99378, 0, 0.111365, 0, 1, 0, -0.111365, 0, 0.99378, -11.9707, 0.999996, -28.6706)
mesh = SubResource("BoxMesh_t7whi")

[node name="MeshInstance3d10" type="MeshInstance3D" parent="Objects"]
transform = Transform3D(0.99378, 0, 0.111365, 0, 1, 0, -0.111365, 0, 0.99378, -7.87072, 0.999996, -31.9706)
mesh = SubResource("BoxMesh_t7whi")

[node name="MeshInstance3d8" type="MeshInstance3D" parent="Objects"]
transform = Transform3D(0.996129, 0, -0.0879034, 0, 1, 0, 0.0879034, 0, 0.996129, -3.57072, 0.999996, -23.0706)
mesh = SubResource("BoxMesh_t7whi")

[node name="MeshInstance3d5" type="MeshInstance3D" parent="Objects"]
transform = Transform3D(0.78672, 0, 0.617311, 0, 1, 0, -0.617311, 0, 0.78672, -4.80152, 0.999998, 8.08325)
mesh = SubResource("BoxMesh_t7whi")

[node name="MeshInstance3d6" type="MeshInstance3D" parent="Objects"]
transform = Transform3D(0.860271, 0, 0.509837, 0, 1, 0, -0.509837, 0, 0.860271, -3.27201, 0.999998, 10.6641)
mesh = SubResource("BoxMesh_t7whi")

[node name="MeshInstance3d2" type="MeshInstance3D" parent="Objects"]
transform = Transform3D(0.860271, 0, 0.509837, 0, 1, 0, -0.509837, 0, 0.860271, -9.25408, 0.999998, 4.90992)
mesh = SubResource("BoxMesh_t7whi")

[node name="MeshInstance3d3" type="MeshInstance3D" parent="Objects"]
transform = Transform3D(0.860271, 0, 0.509837, 0, 1, 0, -0.509837, 0, 0.860271, -11.6343, 0.999998, 5.15814)
mesh = SubResource("BoxMesh_t7whi")

[node name="MeshInstance3d4" type="MeshInstance3D" parent="Objects"]
transform = Transform3D(0.798184, 0, 0.602414, 0, 1, 0, -0.602414, 0, 0.798184, -13.7016, 0.999998, 6.38332)
mesh = SubResource("BoxMesh_t7whi")

[node name="WallMesh" type="MeshInstance3D" parent="Objects"]
transform = Transform3D(1, 0, 0, 0, 1, 0, 0, 0, 1, 2, 2.5, 18)
mesh = SubResource("BoxMesh_dq0y2")
skeleton = NodePath("")

[node name="WallMesh2" type="MeshInstance3D" parent="Objects"]
transform = Transform3D(1, 0, 0, 0, 1, 0, 0, 0, 1, 2.2, 2.5, -37.3)
mesh = SubResource("BoxMesh_dq0y2")
skeleton = NodePath("")

[node name="WallMesh3" type="MeshInstance3D" parent="Objects"]
transform = Transform3D(-4.37114e-08, 0, -1, 0, 1, 0, 1, 0, -4.37114e-08, -25.1, 2.5, -9.7)
mesh = SubResource("BoxMesh_dq0y2")
skeleton = NodePath("")

[node name="WallMesh4" type="MeshInstance3D" parent="Objects"]
transform = Transform3D(-4.37114e-08, 0, -1, 0, 1, 0, 1, 0, -4.37114e-08, 29.4, 2.5, -9.7)
mesh = SubResource("BoxMesh_dq0y2")
skeleton = NodePath("")

[node name="Ground" type="MeshInstance3D" parent="Objects"]
transform = Transform3D(1, 0, 0, 0, 1, 0, 0, 0, 1, 2.40567, 0.0128045, -10.9712)
mesh = SubResource("PlaneMesh_6tiwh")
skeleton = NodePath("../..")

[node name="Players" type="Node3D" parent="."]

[node name="SpawnPoints" type="Node3D" parent="."]

[node name="SpawnPoint7" type="Marker3D" parent="SpawnPoints"]
transform = Transform3D(0.999346, 0, 0.0361553, 0, 1, 0, -0.0361553, 0, 0.999346, 15.5764, 3.01913, -1.07412)
script = ExtResource("10_4gs1i")
team = 1

[node name="SpawnPoint" type="Marker3D" parent="SpawnPoints"]
transform = Transform3D(1, 0, 0, 0, 1, 0, 0, 0, 1, -9.90991, 1.38834, 9.11969)
script = ExtResource("10_4gs1i")
team = 0

[node name="SpawnPoint2" type="Marker3D" parent="SpawnPoints"]
transform = Transform3D(1, 0, 0, 0, 1, 0, 0, 0, 1, 24.0482, 1.38834, 0.155324)
script = ExtResource("10_4gs1i")
team = 1

[node name="SpawnPoint12" type="Marker3D" parent="SpawnPoints"]
transform = Transform3D(0.999346, 0, 0.0361553, 0, 1, 0, -0.0361553, 0, 0.999346, 5.917, 1.38834, 6.872)
script = ExtResource("10_4gs1i")
team = 0

[node name="SpawnPoint3" type="Marker3D" parent="SpawnPoints"]
transform = Transform3D(0.999346, 0, 0.0361553, 0, 1, 0, -0.0361553, 0, 0.999346, 18.217, 1.38834, -16.128)
script = ExtResource("10_4gs1i")
team = 1

[node name="SpawnPoint13" type="Marker3D" parent="SpawnPoints"]
transform = Transform3D(0.999346, 0, 0.0361553, 0, 1, 0, -0.0361553, 0, 0.999346, -14.983, 1.38834, -0.427999)
script = ExtResource("10_4gs1i")
team = 0

[node name="SpawnPoint11" type="Marker3D" parent="SpawnPoints"]
transform = Transform3D(0.999346, 0, 0.0361553, 0, 1, 0, -0.0361553, 0, 0.999346, 23.217, 1.38834, -29.528)
script = ExtResource("10_4gs1i")
team = 1

[node name="SpawnPoint10" type="Marker3D" parent="SpawnPoints"]
transform = Transform3D(0.999346, 0, 0.0361553, 0, 1, 0, -0.0361553, 0, 0.999346, -5.483, 1.38834, -26.628)
script = ExtResource("10_4gs1i")
team = 0

[node name="SpawnPoint9" type="Marker3D" parent="SpawnPoints"]
transform = Transform3D(0.999346, 0, 0.0361553, 0, 1, 0, -0.0361553, 0, 0.999346, 13.517, 1.38834, -31.028)
script = ExtResource("10_4gs1i")
team = 1

[node name="SpawnPoint4" type="Marker3D" parent="SpawnPoints"]
transform = Transform3D(0.999346, 0, 0.0361553, 0, 1, 0, -0.0361553, 0, 0.999346, -17.7604, 1.38834, -23.8296)
script = ExtResource("10_4gs1i")
team = 0

[node name="SpawnPoint8" type="Marker3D" parent="SpawnPoints"]
transform = Transform3D(0.999346, 0, 0.0361553, 0, 1, 0, -0.0361553, 0, 0.999346, 17.0067, 1.38834, 12.1478)
script = ExtResource("10_4gs1i")
team = 1

[node name="SpawnPoint5" type="Marker3D" parent="SpawnPoints"]
transform = Transform3D(0.999346, 0, 0.0361553, 0, 1, 0, -0.0361553, 0, 0.999346, -19.6308, 3.01913, -14.7169)
script = ExtResource("10_4gs1i")
team = 0

[node name="SpawnPoint6" type="Marker3D" parent="SpawnPoints"]
transform = Transform3D(0.999346, 0, 0.0361553, 0, 1, 0, -0.0361553, 0, 0.999346, 8.20492, 3.01913, -18.5677)
script = ExtResource("10_4gs1i")
team = 1

[node name="FlyCam" type="CharacterBody3D" parent="."]
collision_layer = 0
collision_mask = 0
script = ExtResource("10_faad2")

[node name="CollisionShape3D" type="CollisionShape3D" parent="FlyCam"]
shape = SubResource("SphereShape3D_qv5x6")

[node name="Camera3D" type="Camera3D" parent="FlyCam"]

[node name="OrbitCam" type="Node3D" parent="."]
transform = Transform3D(1, 0, 0, 0, 1, 0, 0, 0, 1, 3, 0, -9.85396)
script = ExtResource("11_gr5me")
max_speed = 0.2

[node name="Camera3D" type="Camera3D" parent="OrbitCam"]
transform = Transform3D(1, 0, 0, 0, 0.642788, 0.766044, 0, -0.766044, 0.642788, 0, 19, 23)

[node name="Ceiling" type="StaticBody3D" parent="."]

[node name="CollisionShape3D" type="CollisionShape3D" parent="Ceiling"]
transform = Transform3D(1, 0, 0, 0, 1, 0, 0, 0, 1, 0, 5.4, -8.68809)
shape = SubResource("BoxShape3D_3qh51")
